8.599999999999999867e-01
8.599999999999999867e-01
8.800000000000000044e-01
8.900000000000000133e-01
8.699999999999999956e-01
8.100000000000000533e-01
8.299999999999999600e-01
9.100000000000000311e-01
8.100000000000000533e-01
8.000000000000000444e-01
8.399999999999999689e-01
8.100000000000000533e-01
8.699999999999999956e-01
8.200000000000000622e-01
8.499999999999999778e-01
7.900000000000000355e-01
8.900000000000000133e-01
8.499999999999999778e-01
8.399999999999999689e-01
8.299999999999999600e-01
