6.799999999999999378e-01
6.199999999999999956e-01
6.599999999999999201e-01
5.999999999999999778e-01
6.999999999999999556e-01
5.200000000000000178e-01
6.400000000000000133e-01
5.000000000000000000e-01
6.599999999999999201e-01
6.799999999999999378e-01
5.200000000000000178e-01
7.199999999999999734e-01
6.199999999999999956e-01
6.999999999999999556e-01
5.999999999999999778e-01
6.799999999999999378e-01
6.199999999999999956e-01
6.799999999999999378e-01
6.400000000000000133e-01
5.999999999999999778e-01
