4.799999999999999822e-01
5.500000000000000444e-01
4.300000000000000488e-01
4.699999999999999734e-01
4.599999999999999645e-01
4.499999999999999556e-01
4.599999999999999645e-01
4.799999999999999822e-01
4.899999999999999911e-01
4.200000000000000400e-01
5.200000000000000178e-01
4.100000000000000311e-01
5.000000000000000000e-01
4.899999999999999911e-01
4.599999999999999645e-01
4.399999999999999467e-01
3.800000000000000044e-01
5.000000000000000000e-01
4.699999999999999734e-01
4.799999999999999822e-01
