5.700000000000000622e-01
6.500000000000000222e-01
6.699999999999999289e-01
5.600000000000000533e-01
5.800000000000000711e-01
6.400000000000000133e-01
5.900000000000000799e-01
6.799999999999999378e-01
5.800000000000000711e-01
7.299999999999999822e-01
5.500000000000000444e-01
6.599999999999999201e-01
6.300000000000000044e-01
6.799999999999999378e-01
6.300000000000000044e-01
6.400000000000000133e-01
6.400000000000000133e-01
6.199999999999999956e-01
6.099999999999999867e-01
5.999999999999999778e-01
