3.599999999999999867e-01
4.399999999999999467e-01
5.200000000000000178e-01
4.899999999999999911e-01
5.700000000000000622e-01
4.899999999999999911e-01
4.399999999999999467e-01
4.799999999999999822e-01
3.900000000000000133e-01
4.699999999999999734e-01
5.100000000000000089e-01
4.300000000000000488e-01
5.400000000000000355e-01
4.899999999999999911e-01
4.300000000000000488e-01
5.500000000000000444e-01
5.200000000000000178e-01
4.899999999999999911e-01
4.799999999999999822e-01
4.699999999999999734e-01
