4.599999999999999645e-01
5.400000000000000355e-01
4.200000000000000400e-01
4.200000000000000400e-01
4.599999999999999645e-01
4.399999999999999467e-01
4.599999999999999645e-01
4.799999999999999822e-01
3.000000000000000444e-01
5.999999999999999778e-01
4.599999999999999645e-01
4.599999999999999645e-01
4.399999999999999467e-01
6.400000000000000133e-01
5.200000000000000178e-01
5.200000000000000178e-01
3.199999999999999512e-01
4.399999999999999467e-01
4.399999999999999467e-01
4.000000000000000222e-01
