5.000000000000000000e-01
6.199999999999999956e-01
5.600000000000000533e-01
4.799999999999999822e-01
5.400000000000000355e-01
6.400000000000000133e-01
5.800000000000000711e-01
5.800000000000000711e-01
5.000000000000000000e-01
4.599999999999999645e-01
6.199999999999999956e-01
5.000000000000000000e-01
5.800000000000000711e-01
5.600000000000000533e-01
5.000000000000000000e-01
5.600000000000000533e-01
5.999999999999999778e-01
5.600000000000000533e-01
5.800000000000000711e-01
5.400000000000000355e-01
