2.399999999999999911e-01
3.299999999999999600e-01
3.800000000000000044e-01
2.800000000000000266e-01
3.199999999999999512e-01
4.100000000000000311e-01
3.199999999999999512e-01
4.100000000000000311e-01
4.000000000000000222e-01
3.399999999999999689e-01
3.599999999999999867e-01
4.100000000000000311e-01
3.299999999999999600e-01
4.100000000000000311e-01
4.200000000000000400e-01
3.900000000000000133e-01
3.599999999999999867e-01
4.200000000000000400e-01
3.000000000000000444e-01
2.900000000000000355e-01
