4.899999999999999911e-01
5.300000000000000266e-01
5.500000000000000444e-01
5.400000000000000355e-01
5.600000000000000533e-01
5.000000000000000000e-01
5.900000000000000799e-01
5.600000000000000533e-01
6.599999999999999201e-01
6.199999999999999956e-01
5.800000000000000711e-01
5.800000000000000711e-01
5.000000000000000000e-01
6.099999999999999867e-01
4.899999999999999911e-01
5.000000000000000000e-01
5.800000000000000711e-01
6.500000000000000222e-01
4.799999999999999822e-01
5.700000000000000622e-01
