8.599999999999999867e-01
8.800000000000000044e-01
7.600000000000000089e-01
8.599999999999999867e-01
9.000000000000000222e-01
8.200000000000000622e-01
8.599999999999999867e-01
8.599999999999999867e-01
8.399999999999999689e-01
7.800000000000000266e-01
8.200000000000000622e-01
7.800000000000000266e-01
8.599999999999999867e-01
7.800000000000000266e-01
9.799999999999999822e-01
7.399999999999999911e-01
8.200000000000000622e-01
8.599999999999999867e-01
9.399999999999999467e-01
8.399999999999999689e-01
