5.000000000000000000e-01
4.699999999999999734e-01
4.300000000000000488e-01
3.499999999999999778e-01
5.400000000000000355e-01
4.399999999999999467e-01
4.200000000000000400e-01
4.699999999999999734e-01
4.599999999999999645e-01
4.599999999999999645e-01
4.599999999999999645e-01
3.900000000000000133e-01
3.800000000000000044e-01
5.400000000000000355e-01
4.599999999999999645e-01
4.000000000000000222e-01
5.100000000000000089e-01
4.399999999999999467e-01
5.600000000000000533e-01
4.499999999999999556e-01
