4.399999999999999467e-01
3.699999999999999956e-01
3.599999999999999867e-01
3.599999999999999867e-01
4.000000000000000222e-01
4.000000000000000222e-01
4.300000000000000488e-01
4.499999999999999556e-01
4.200000000000000400e-01
4.000000000000000222e-01
3.900000000000000133e-01
4.000000000000000222e-01
4.499999999999999556e-01
4.300000000000000488e-01
4.399999999999999467e-01
4.200000000000000400e-01
3.100000000000000533e-01
4.399999999999999467e-01
3.800000000000000044e-01
4.000000000000000222e-01
